           1           2   1.17708468700977     
           2           3   1.53436701304236     
           3           4   1.24236526317535     
           4           5   1.24633743888114     
           5           6   1.09614632994736     
           5           7   1.32872939171620     
           7           8   1.07676578133060     
           7           9   1.36071475055414     
           9          10   1.40085528772648     
          10          11   1.02677353940311     
           4          12   1.22771393181955     
          10          12   1.36167174245920     
          12          13   1.11315508269893     
           1          14   1.30161841388279     
          14          15   1.42644700468118     
          15          16   1.07303649396581     
          15          17   1.31729008208052     
          17          18   1.41212002696825     
          18          19   1.08785132989288     
           1          20   1.28492723868621     
          18          20   1.27874202006969     
          20          21   1.10888679728902     
           6          22  0.801770402321721     
           8          23  0.875274496938984     
           9          24  0.964001241850197     
          11          25  0.971355360465687     
          11          26  0.968749631736547     
          11          27  0.985560374165565     
          13          28  0.856000892621090     
          14          29  0.962798086598524     
          16          30  0.887428230497930     
          17          31  0.963000320647606     
          19          32  0.884750054534103     
          21          33  0.865912513655138     
